1	0.65079		0.36364		0.50722
2	0.46512		0.00000		0.23256
3	0.56364		0.20000		0.38182
4	0.57143		0.00000		0.28571
5	0.34343		0.00000		0.17172
6	0.65693		0.28571		0.47132
7	0.00000		0.00000		0.00000
8	0.40000		0.00000		0.20000
9	0.00000		0.00000		0.00000
10	0.26087		0.00000		0.13043
11  0.67188		0.37037		0.52112
12	0.66102		0.00000		0.33051
13	0.62810		0.00000		0.31405
14  0.61538		0.00000		0.30769
15  0.56075		0.36364		0.46219
16  0.59677		0.00000		0.29839
17	0.51923		0.20000		0.35962
18  0.31928		0.00000		0.15964
19  0.00000		0.00000		0.00000
20 	0.59701		0.28571		0.44136
21 	0.60177		0.10526		0.35352
22  0.49057	    0.00000  	0.24528
23	0.41004		0.16216		0.28610
24  0.50877		0.33333		0.42105
25	0.66667		0.71795		0.69231
26	0.00000		0.06897		0.03448
27	0.54264		0.31373		0.42818
28	0.61176		0.75000		0.68088
29	0.60140		0.65000		0.62570
30	0.64828		0.66667		0.65747
31	0.63158		0.55319		0.59239
32  0.61272 	0.37838 	0.49555